{"rock": 0.20412, "paper": 0.40459, "scissors": 0.39129}
{"rock": 0.40571, "paper": 0.39736, "scissors": 0.19693}
{"rock": 0.39269, "paper": 0.20036, "scissors": 0.40695}
{"rock": 0.20072, "paper": 0.40631, "scissors": 0.39297}
{"rock": 0.40877, "paper": 0.38848, "scissors": 0.20275}
{"rock": 0.39044, "paper": 0.20584, "scissors": 0.40372}
{"rock": 0.20895, "paper": 0.39932, "scissors": 0.39173}
{"rock": 0.39789, "paper": 0.39495, "scissors": 0.20716}
{"rock": 0.3909, "paper": 0.20529, "scissors": 0.40381}
{"rock": 0.20653, "paper": 0.40897, "scissors": 0.3845}
{"rock": 0.41385, "paper": 0.38048, "scissors": 0.20567}
{"rock": 0.38512, "paper": 0.20794, "scissors": 0.40694}
{"rock": 0.20545, "paper": 0.40217, "scissors": 0.39238}
{"rock": 0.40846, "paper": 0.38727, "scissors": 0.20427}
{"rock": 0.38843, "paper": 0.20345, "scissors": 0.40812}
{"rock": 0.20761, "paper": 0.41017, "scissors": 0.38222}
{"rock": 0.40649, "paper": 0.38108, "scissors": 0.21243}
{"rock": 0.38043, "paper": 0.21347, "scissors": 0.4061}
{"rock": 0.21808, "paper": 0.40049, "scissors": 0.38143}
{"rock": 0.40797, "paper": 0.37643, "scissors": 0.2156}
{"rock": 0.37085, "paper": 0.21467, "scissors": 0.41448}
{"rock": 0.21448, "paper": 0.40971, "scissors": 0.37581}
{"rock": 0.40825, "paper": 0.37657, "scissors": 0.21518}
{"rock": 0.37459, "paper": 0.20926, "scissors": 0.41615}
{"rock": 0.21132, "paper": 0.41684, "scissors": 0.37184}
{"rock": 0.41462, "paper": 0.37321, "scissors": 0.21217}
{"rock": 0.36808, "paper": 0.21718, "scissors": 0.41474}
{"rock": 0.22051, "paper": 0.41566, "scissors": 0.36383}
{"rock": 0.41099, "paper": 0.36959, "scissors": 0.21942}
{"rock": 0.36529, "paper": 0.22006, "scissors": 0.41465}
{"rock": 0.21767, "paper": 0.41722, "scissors": 0.36511}
{"rock": 0.41987, "paper": 0.35697, "scissors": 0.22316}
{"rock": 0.35823, "paper": 0.22217, "scissors": 0.4196}
{"rock": 0.2198, "paper": 0.41057, "scissors": 0.36963}
{"rock": 0.40735, "paper": 0.36753, "scissors": 0.22512}
{"rock": 0.36825, "paper": 0.23146, "scissors": 0.40029}
{"rock": 0.24035, "paper": 0.39373, "scissors": 0.36592}
{"rock": 0.39122, "paper": 0.36485, "scissors": 0.24393}
{"rock": 0.36542, "paper": 0.24041, "scissors": 0.39417}
{"rock": 0.23883000000000001, "paper": 0.39707000000000003, "scissors": 0.36410000000000003}
{"rock": 0.40025, "paper": 0.36428, "scissors": 0.23547}
{"rock": 0.36296, "paper": 0.23315, "scissors": 0.40389}
{"rock": 0.23753, "paper": 0.40371, "scissors": 0.35876}
{"rock": 0.40377, "paper": 0.35989, "scissors": 0.23634}
{"rock": 0.36326, "paper": 0.23624, "scissors": 0.4005}
{"rock": 0.23522, "paper": 0.39238, "scissors": 0.3724}
{"rock": 0.39551, "paper": 0.3714, "scissors": 0.23309}
{"rock": 0.36596, "paper": 0.23699, "scissors": 0.39705}
{"rock": 0.24259, "paper": 0.39001, "scissors": 0.3674}
{"rock": 0.38654, "paper": 0.37046, "scissors": 0.243}
{"rock": 0.36778, "paper": 0.24032, "scissors": 0.3919}
{"rock": 0.24322, "paper": 0.38884, "scissors": 0.36794}
{"rock": 0.39305, "paper": 0.37063, "scissors": 0.23632}
{"rock": 0.37214, "paper": 0.23614, "scissors": 0.39172}
{"rock": 0.23458, "paper": 0.3814, "scissors": 0.38402}
{"rock": 0.37698, "paper": 0.38583, "scissors": 0.23719}
{"rock": 0.39149, "paper": 0.22641, "scissors": 0.3821}
{"rock": 0.22832, "paper": 0.37411, "scissors": 0.39757}
{"rock": 0.36954000000000004, "paper": 0.39953000000000005, "scissors": 0.23093000000000002}
{"rock": 0.39538, "paper": 0.23571, "scissors": 0.36891}
{"rock": 0.23744, "paper": 0.36186, "scissors": 0.4007}
{"rock": 0.36153, "paper": 0.40238, "scissors": 0.23609}
{"rock": 0.39902, "paper": 0.23216, "scissors": 0.36882}
{"rock": 0.23751, "paper": 0.37044, "scissors": 0.39205}
{"rock": 0.37276, "paper": 0.39332, "scissors": 0.23392}
{"rock": 0.39277, "paper": 0.24425, "scissors": 0.36298}
{"rock": 0.24263, "paper": 0.35318, "scissors": 0.40419}
{"rock": 0.35292, "paper": 0.40137, "scissors": 0.24571}
{"rock": 0.39787, "paper": 0.24481, "scissors": 0.35732}
{"rock": 0.24532, "paper": 0.34943, "scissors": 0.40525}
{"rock": 0.34312, "paper": 0.40891, "scissors": 0.24797}
{"rock": 0.41607, "paper": 0.24167, "scissors": 0.34226}
{"rock": 0.23982, "paper": 0.34309, "scissors": 0.41709}
{"rock": 0.34703, "paper": 0.40965, "scissors": 0.24332}
{"rock": 0.40878000000000003, "paper": 0.24749000000000002, "scissors": 0.34373000000000004}
{"rock": 0.24218, "paper": 0.34609, "scissors": 0.41173}
{"rock": 0.33653, "paper": 0.41719, "scissors": 0.24628}
{"rock": 0.42561, "paper": 0.24248, "scissors": 0.33191}
{"rock": 0.24071, "paper": 0.33709, "scissors": 0.4222}
{"rock": 0.33321, "paper": 0.4191, "scissors": 0.24769}
{"rock": 0.42249, "paper": 0.24217, "scissors": 0.33534}
{"rock": 0.24717, "paper": 0.3358, "scissors": 0.41703}
{"rock": 0.33323, "paper": 0.42292, "scissors": 0.24385}
{"rock": 0.42283, "paper": 0.24257, "scissors": 0.3346}
{"rock": 0.24801, "paper": 0.32906, "scissors": 0.42293}
{"rock": 0.32514, "paper": 0.42804, "scissors": 0.24682}
{"rock": 0.4249, "paper": 0.24315, "scissors": 0.33195}
{"rock": 0.24462, "paper": 0.33496, "scissors": 0.42042}
{"rock": 0.33916, "paper": 0.42103, "scissors": 0.23981}
{"rock": 0.42402, "paper": 0.23448, "scissors": 0.3415}
{"rock": 0.23777, "paper": 0.34137, "scissors": 0.42086}
{"rock": 0.33803, "paper": 0.42148, "scissors": 0.24049}
{"rock": 0.41787, "paper": 0.24101, "scissors": 0.34112}
{"rock": 0.24667, "paper": 0.33194, "scissors": 0.42139}
{"rock": 0.33124, "paper": 0.42439, "scissors": 0.24437}
{"rock": 0.4245, "paper": 0.2458, "scissors": 0.3297}
{"rock": 0.23974, "paper": 0.33516, "scissors": 0.4251}
{"rock": 0.34401, "paper": 0.42381, "scissors": 0.23218}
{"rock": 0.4224, "paper": 0.22919, "scissors": 0.34841}
{"rock": 0.22985, "paper": 0.34593, "scissors": 0.42422}
